constrain_to_plane: true
freq: 5

#position 
neutral_pose:      [-0.01925055111738469, 0.6130897192498257, 0.55343180104091213, -0.710440396245208, 0.7036068132747327, 0.013670071467742457, 0.005002483622573482]
hole_pose:         [-0.01925055111738469, 0.6130897192498257, 0.45343180104091213, -0.710440396245208, 0.7036068132747327, 0.013670071467742457, 0.005002483622573482]
above_hole_pose:   [-0.01925055111738469, 0.6130897192498257, 0.50343180104091213, -0.710440396245208, 0.7036068132747327, 0.013670071467742457, 0.005002483622573482]
grasp_pose:        [-0.016, 0.627, 0.485, 0.788, -0.614, -0.018, 0.003]
above_grasp_pose:  [-0.016, 0.627, 0.485, 0.788, -0.614, -0.018, 0.003]
