outer_radius: 0.03
hole_radius: 0.015

#position
x_threshold: 0.01
y_threshold: 0.01
z_threshold: 0.005
force_offsets: [-0.12727709565860096, 0.1801287562420672, -0.16161415535877824]
torque_offsets: [0.0027260293042483622, -0.013746772355054589, -0.05550162843877153]
hole_center_pose: [-0.005201284413741914, 0.5233719776988449, 0.4026956107222699, 0.6998526031342664, 0.7142868930841426, -0.0005068794394608154, 0.0005579674073883309]
