outer_radius: 0.03
hole_radius: 0.008
x_threshold: 0.01
y_threshold: 0.01
z_threshold: 0.0
tip2hole_offset_z: 0.27781826
force_normalizer: 30
reset_fz_threshold: 10.0
torque_normalizer: 0.5
reset_xy_threshold: 0.06
reset_z_threshold: 0.03
hole_center_pose: [-0.006324194064514283, 0.5237999267068305, 0.40284508080764103, 0.6998065969878358, 0.7143319438657368, -0.0004520053880649356, 0.0006296637453118768]
