outer_radius: 0.03
hole_radius: 0.013
x_threshold: 0.01
y_threshold: 0.01
z_threshold: 0.0
tip2hole_offset_z: 0.31706196
force_normalizer: 30
reset_fz_threshold: 10.0
torque_normalizer: 0.5
reset_xy_threshold: 0.06
reset_z_threshold: 0.03
hole_center_pose: [-0.011514088156751949, 0.5164583984680772, 0.41155184458813443, 0.699930701510871, 0.7142103150017897, -0.00034556877610513647, 0.0007208396254090475]
