outer_radius: 0.03
hole_radius: 0.02
x_threshold: 0.01
y_threshold: 0.01
z_threshold: 0.0
tip2hole_offset_z: 0.27600932
force_normalizer: 30
reset_fz_threshold: 10.0
torque_normalizer: 0.5
reset_xy_threshold: 0.06
reset_z_threshold: 0.03
hole_center_pose: [-0.005201284413741914, 0.5233719776988449, 0.4026956107222699, 0.6998526031342664, 0.7142868930841426, -0.0005068794394608154, 0.0005579674073883309]
