outer_radius: 0.03
hole_radius: 0.008
x_threshold: 0.01
y_threshold: 0.01
z_threshold: 0.0
tip2hole_offset_z: 0.31707397  # need to change
force_normalizer: 30
reset_fz_threshold: 10.0
torque_normalizer: 0.5
reset_xy_threshold: 0.06
reset_z_threshold: 0.03
hole_center_pose: [-0.011756873678144385, 0.5150200916930718, 0.4020770989064015, 0.6999692997069712, 0.7141724570484034, -0.0002443298048850688, 0.0007882665319352089]
