outer_radius: 0.028
hole_radius: 0.013
x_threshold: 0.01
y_threshold: 0.01
z_threshold: 0.0
tip2hole_offset_z: 0.31751275
force_normalizer: 30
reset_fz_threshold: 10.0
torque_normalizer: 0.5
reset_xy_threshold: 0.06
reset_z_threshold: 0.03
hole_center_pose: [-0.011027887181098234, 0.5188826860411623, 0.4108879606696006, 0.6999443558960545, 0.7141968635822665, -0.0003332614951026334, 0.0007922343635927345]
